96201
96202
96203
96204
96205
96206
96207
96208
96212
96213
96214
96215
96217
96218
96219
96220
96221
96224
96251
96257
96258
96259
96260
96262
96264
96266
96267
96269
96271
96275
96276
96278
96283
96284
96297
96306
96309
96310
96311
96313
96319
96321
96322
96323
96325
96326
96328
96330
96336
96337
96338
96343
96347
96348
96349
96350
96351
96362
96364
96365
96367
96368
96370
96372
96373
96374
96375
96376
96377
96378
96379
96384
96386
96387
96388
96403
96490
96505
96506
96507
96508
96511
96512
96515
96517
96518
96520
96521
96522
96529
96530
96531
96534
96535
96536
96537
96538
96539
96540
96541
96542
96543
96544
96545
96546
96547
96548
96549
96551
96552
96553
96554
96555
96557
96558
96575
96580
96594
96595
96596
96597
96598
96599
96601
96602
96603
96604
96605
96606
96607
96608
96609
96610
96611
96612
96615
96617
96621
96622
96623
96624
96626
96627
96628
96629
96634
96635
96642
96643
96644
96647
96648
96649
96657
96660
96661
96662
96663
96664
96665
96666
96667
96668
96669
96670
96671
96672
96673
96674
96675
96676
96677
96678
96679
96681
96682
96683
96684
96686
96687
96698
